
 Time = 2022-06-28 15:42:11.467234 roti and all 
 Time = 2022-06-28 16:26:41.606695 1 churan 2 paratha 