
 Time = 2022-06-28 15:17:27.038826 roti and 3 banana 
 Time = 2022-06-28 15:18:32.617802 chawal and ghee 