
 Time = 2022-06-28 15:51:28.150300 benchpress 
 Time = 2022-06-28 16:10:00.100285 deadlift 
 Time = 2022-06-28 16:15:34.010506 sqats 