
 Time = 2022-06-28 15:20:31.620510 3 cheeku 4 aplle 
 Time = 2022-06-28 15:45:51.024112 egg roll 
 Time = 2022-06-28 16:28:55.516049 dal chawal and paratha 
 Time = 2022-07-02 15:00:31.808191 chapati and rice 