
 Time = 2022-06-28 15:34:48.643141 bench press 
 Time = 2022-06-28 15:46:20.470582 pushups 
 Time = 2022-06-28 16:14:34.959964 running 